ID_Location	Start End	Chromosome	Strand
1	76086641	76086640	5	1	1
2	19971168	19971167	22	1	2
3	36860949	36860948	5	1	3
4	141641287	141641286	5	1	4
5	96991846	96991845	5	1	5
6	20369563	20369562	22	1	6
7	20594218	20594217	22	1	7
8	20863315	20863314	22	1	8
9	20592935	20592934	22	1	8
10	29486205	29486204	22	1	9
11	14596637	14596636	5	1	10
12	20587936	20587935	22	1	11
13	6935111	6935110	19	1	12
14	17356068	17356067	22	1	13
15	32621581	32621580	20	1	14
16	20800715	20800714	22	1	14
17	20808503	20808502	22	1	14
18	20800908	20800907	22	1	14
19	22444536	22444535	CHR_HSCHR22_1_CTG3	1	15
20	20825087	20825086	22	1	15
21	20594237	20594236	22	1	15
22	18095831	18095830	22	1	16
23	178051912	178051911	4	1	16
24	18127714	18127713	22	1	17
25	58708731	58708730	14	1	17
26	20850451	20850450	22	1	17
27	29494327	29494326	22	1	17
28	97600481	97600480	X	1	18
29	117463497	117463496	6	1	19
30	35933836	35933835	CHR_HSCHR22_1_CTG4	1	20
31	16181675	16181674	17	1	21
32	20592867	20592866	22	1	21
33	143301530	143301529	5	1	22
34	20797795	20797794	22	1	22
35	29497789	29497788	22	1	22
36	20901094	20901093	22	1	22
37	20572640	20572639	22	1	22
38	20773300	20773299	22	1	22
39	20837388	20837387	22	1	22
40	20847755	20847754	22	1	22
41	20594240	20594239	22	1	22
42	137024721	137024720	6	1	23
43	20813318	20813317	22	1	23
44	20780792	20780791	22	1	23
45	20892504	20892503	22	1	24
46	71403291	71403290	6	1	25
47	8564382	8564381	6	1	25
48	20377725	20377724	22	1	25
49	20880028	20880027	22	1	26
50	11166697	11166696	6	1	26
51	94533476	94533475	6	1	26
52	71331637	71331636	6	1	27
53	20843099	20843098	22	1	27
54	7771694	7771693	6	1	28
55	20811624	20811623	22	1	28
56	20821609	20821608	22	1	28
57	129642851	129642850	5	1	29
58	20399572	20399571	22	1	30
59	36943772	36943771	22	1	31
60	20809432	20809431	22	1	31
61	94736780	94736779	9	1	32
62	131844594	131844593	6	1	33
63	36942078	36942077	22	1	33
64	187505129	187505128	2	1	34
65	143952478	143952477	6	1	35
66	61092412	61092411	4	1	35
67	18089607	18089606	22	1	35
68	89751667	89751666	10	1	36
69	223929861	223929860	2	1	37
70	17320673	17320672	10	1	38
71	20898009	20898008	22	1	38
72	33127359	33127358	15	1	39
73	2576752	2576751	12	1	40
74	18089737	18089736	22	1	40
75	94449713	94449712	6	1	41
76	20897718	20897717	22	1	41
77	35061940	35061939	22	1	42
78	18108999	18108998	22	1	42
79	78449547	78449546	10	1	43
80	179976001	179976000	5	1	44
81	143966530	143966529	3	1	44
82	154272459	154272458	5	1	45
83	37520046	37520045	CHR_HSCHR17_7_CTG4	1	46
84	20592924	20592923	22	1	46
85	90573121	90573120	5	1	47
86	20769684	20769683	22	1	47
87	18094220	18094219	22	1	47
88	20814181	20814180	22	1	47
89	19216604	19216603	22	1	48
90	20592928	20592927	22	1	48
91	27989229	27989228	22	1	49
92	98874095	98874094	5	1	50
93	135042137	135042136	5	1	51
94	20568274	20568273	22	1	51
95	142063833	142063832	5	1	51
96	116290380	116290379	5	1	52
97	103112319	103112318	5	1	53
98	49993026	49993025	19	1	54
99	33694405	33694404	6	1	55
100	66082633	66082632	5	1	56
101	18125535	18125534	22	1	56
102	107501497	107501496	5	1	57
103	59286920	59286919	5	1	58
104	20892517	20892516	22	1	58
105	62460270	62460269	5	1	59
106	20570753	20570752	22	1	59
107	20572984	20572983	22	1	59
108	14615399	14615398	5	1	60
109	84240872	84240871	16	1	61
110	20420745	20420744	22	1	62
111	20861137	20861136	22	1	62
112	78957403	78957402	14	1	63
113	20419969	20419968	22	1	63
114	16835031	16835030	22	1	64
115	18718507	18718506	22	1	65
116	20402803	20402802	22	1	65
117	20397072	20397071	22	1	65
118	131594911	131594910	5	1	66
119	6559178	6559177	6	1	67
120	102841049	102841048	5	1	68
121	20462277	20462276	22	1	69
122	116394816	116394815	5	1	69
123	98560999	98560998	5	1	69
124	20566563	20566562	22	1	69
125	156235247	156235246	5	1	70
126	20872848	20872847	22	1	70
127	20595016	20595015	22	1	70
128	18154624	18154623	22	1	71
129	68443039	68443038	5	1	71
130	90518788	90518787	5	1	72
131	97602951	97602950	X	1	72
132	20851191	20851190	22	1	72
133	16853013	16853012	22	1	73
134	18098769	18098768	22	1	74
135	93347441	93347440	6	1	75
136	19954220	19954219	22	1	75
137	16685334	16685333	22	1	76
138	22435667	22435666	CHR_HSCHR22_1_CTG3	1	77
139	125673143	125673142	X	1	77
140	20833658	20833657	22	1	77
141	141249660	141249659	7	1	78
142	10402207	10402206	6	1	79
143	11522624	11522623	7	1	80
144	18850928	18850927	22	1	81
145	13289793	13289792	6	1	82
146	52620988	52620987	6	1	82
147	3678761	3678760	12	1	83
148	20886120	20886119	22	1	83
149	142790939	142790938	6	1	84
150	18092834	18092833	22	1	84
151	41417424	41417423	12	1	85
152	20482748	20482747	22	1	86
153	40101530	40101529	2	1	87
154	45887947	45887946	7	1	88
155	20842824	20842823	22	1	88
156	33205592	33205591	CHR_HSCHR6_MHC_SSTO_CTG1	1	89
157	50602735	50602734	6	1	90
158	85142666	85142665	6	1	90
159	20830356	20830355	22	1	90
160	18154615	18154614	22	1	90
161	20884794	20884793	22	1	90
162	70751060	70751059	14	1	91
163	42929214	42929213	6	1	92
164	18849022	18849021	22	1	93
165	7680212	7680211	17	1	94
166	44816166	44816165	22	1	95
167	18093563	18093562	22	1	95
168	18103113	18103112	22	1	95
169	77587966	77587965	8	1	95
170	20469779	20469778	22	1	95
171	20470799	20470798	22	1	96
172	18132284	18132283	22	1	96
173	26843945	26843944	22	1	96
174	185589630	185589629	4	1	97
175	19958723	19958722	22	1	97
176	173055380	173055379	5	1	98
177	22226456	22226455	1	1	98
178	98605679	98605678	5	1	98
179	87296446	87296445	1	1	98
180	180846616	180846615	5	1	99
181	40299126	40299125	14	1	99
182	45401856	45401855	22	1	100
183	169539293	169539292	5	1	100
184	175350398	175350397	5	1	100
185	141089380	141089379	5	1	101
186	175349304	175349303	5	1	101
187	179840473	179840472	5	1	102
188	157194955	157194954	5	1	103
189	20897527	20897526	22	1	103
190	122713975	122713974	11	1	104
191	156708665	156708664	5	1	105
192	171750455	171750454	5	1	105
193	16865721	16865720	22	1	106
194	20594226	20594225	22	1	106
195	16877499	16877498	22	1	107
196	54189646	54189645	CHR_HSCHR19_4_CTG3_1	1	108
197	20868616	20868615	22	1	108
