idMicroindel	Name	Start	End	Info	Gene_idGene	Chromosome_idChromosome
1	rs1160946	76086641	76086640	-/GGTA/GG	1	1
2	rs361622	19971168	19971167	-/C	2	2
3	rs1160961	36860949	36860948	-/TT	3	1
4	rs1160948	141641287	141641286	-/AGT	4	1
5	rs1160962	96991846	96991845	-/TT	5	1
6	rs361839	20369563	20369562	-/GCAGTC	6	2
7	rs361625	20594218	20594217	-/AA	7	2
8	rs362224	20863315	20863314	-/CCT	8	2
9	rs361628	20592935	20592934	-/C	7	2
10	rs361629	29486205	29486204	-/T	9	2
11	rs1160967	14596637	14596636	-/CT	10	1
12	rs361870	20587936	20587935	-/TG	11	2
13	rs1160969	6935111	6935110	-/AA	12	3
14	rs362018	17356068	17356067	-/T/TAAAA/TAAAATAAAATAAAA/TAAAG	13	2
15	rs1305040	32621581	32621580	-/CATT	14	4
16	rs362260	20800715	20800714	-/AA	8	2
17	rs362033	20808503	20808502	-/GAA	8	2
18	rs361649	20800908	20800907	-/T	8	2
19	rs362261	22444536	22444535	-/T	15	5
20	rs362248	20825087	20825086	-/AAAAA/AAAAAAA/AAAAAAAA	8	2
21	rs362034	20594237	20594236	-/GA/GAAA/GATA	7	2
22	rs361910	18095831	18095830	-/T	16	2
23	rs1305043	178051912	178051911	-/CT	14	6
24	rs361911	18127714	18127713	-/T/TT	17	2
25	rs1305044	58708731	58708730	-/CCTTGTTGC	14	7
26	rs361892	20850451	20850450	-/T	8	2
27	rs361665	29494327	29494326	-/AAAC/AAACAAAC	9	2
28	rs363764	97600481	97600480	-/TCT	18	8
29	rs1305046	117463497	117463496	-/TG/GT	19	9
30	rs361700	35933836	35933835	-/A	20	6
31	rs1305047	16181675	16181674	-/CACA	21	10
32	rs362039	20592867	20592866	-/A/AA	7	2
33	rs1305061	143301530	143301529	-/AATTA	22	1
34	rs362055	20797795	20797794	-/T	8	2
35	rs361931	29497789	29497788	-/A/AA/AAAAAAAA	14	2
36	rs361706	20901094	20901093	-/A	14	2
37	rs362058	20572640	20572639	-/C	11	2
38	rs361707	20773300	20773299	-/T	8	2
39	rs361723	20837388	20837387	-/ACAG	8	2
40	rs361953	20847755	20847754	-/A/AA	8	2
41	rs361740	20594240	20594239	-/G	7	2
42	rs1160852	137024721	137024720	-/AA	23	9
43	rs362114	20813318	20813317	-/ACA	8	2
44	rs361972	20780792	20780791	-/AAAAAAAAAAAAAAAA	8	2
45	rs361745	20892504	20892503	-/A/G	24	2
46	rs361518	71403291	71403290	-/A/T	25	9
47	rs1160856	8564382	8564381	-/CT	14	9
48	rs362117	20377725	20377724	-/A	6	2
49	rs361532	20880028	20880027	-/CAA	26	2
50	rs1160870	11166697	11166696	-/TT	14	9
51	rs1160857	94533476	94533475	-/TG	14	9
52	rs1160858	71331637	71331636	-/TG	27	9
53	rs361761	20843099	20843098	-/A	8	2
54	rs1160859	7771694	7771693	-/AG	28	9
55	rs361977	20811624	20811623	-/AAA/AAAAA	8	2
56	rs361536	20821609	20821608	-/GTTTGTTT	8	2
57	rs1160874	129642851	129642850	-/C	29	1
58	rs362136	20399572	20399571	-/CT/TTT/TT/T	30	2
59	rs361765	36943772	36943771	-/GTGTGTGTGC	31	2
60	rs361552	20809432	20809431	-/T	8	2
61	rs1160910	94736780	94736779	-/CTTT	32	11
62	rs1160877	131844594	131844593	-/AAGTA	33	9
63	rs361994	36942078	36942077	-/C	31	2
64	rs1160911	187505129	187505128	-/AT	34	12
65	rs1160878	143952478	143952477	-/GTGA	35	9
66	rs1160879	61092412	61092411	-/AAG	14	6
67	rs361782	18089607	18089606	-/TGGG/TGGT/TTGG	16	2
68	rs1160913	89751667	89751666	-/AAG	36	13
69	rs1160893	223929861	223929860	-/AG	37	12
70	rs1160894	17320673	17320672	-/CAT	38	13
71	rs361804	20898009	20898008	-/GC	14	2
72	rs1160915	33127359	33127358	-/AAGA	39	14
73	rs1160895	2576752	2576751	-/GT	40	15
74	rs361571	18089737	18089736	-/ACTC	16	2
75	rs1160916	94449713	94449712	-/AC	41	9
76	rs362170	20897718	20897717	-/A	14	2
77	rs361806	35061940	35061939	-/TACAAA/A	42	2
78	rs361786	18108999	18108998	-/GAAA	17	2
79	rs1160897	78449547	78449546	-/TCT	43	13
80	rs1160931	179976001	179976000	-/AG	44	1
81	rs1160918	143966530	143966529	-/CACT	14	5
82	rs1160932	154272459	154272458	-/GG	45	1
83	rs1160919	37520046	37520045	-/AC	46	6
84	rs361576	20592924	20592923	-/G	7	2
85	rs1160934	90573121	90573120	-/CA	47	1
86	rs361824	20769684	20769683	-/A/AA	8	2
87	rs361590	18094220	18094219	-/T	16	2
88	rs361610	20814181	20814180	-/A	8	2
89	rs361578	19216604	19216603	-/G	48	2
90	rs361840	20592928	20592927	-/G	7	2
91	rs470099	27989229	27989228	-/CA	49	2
92	rs1160951	98874095	98874094	-/ATA	50	1
93	rs1160938	135042137	135042136	-/CTC	51	1
94	rs361841	20568274	20568273	-/GTG	11	2
95	rs1160952	142063833	142063832	-/GGA	14	1
96	rs1160953	116290380	116290379	-/TAGA	52	1
97	rs1160954	103112319	103112318	-/ACA	53	1
98	rs1160955	49993026	49993025	-/AC/CA	54	3
99	rs866898	33694405	33694404	-/C/CC	55	9
100	rs1160956	66082633	66082632	-/TCT	56	1
101	rs361619	18125535	18125534	-/A	17	2
102	rs1160957	107501497	107501496	-/GTA/TAG	57	1
103	rs1160958	59286920	59286919	-/C/CAT	58	1
104	rs361848	20892517	20892516	-/G	24	2
105	rs1160972	62460270	62460269	-/TT	59	1
106	rs361849	20570753	20570752	-/CT	11	2
107	rs361635	20572984	20572983	-/TT	11	2
108	rs1160973	14615399	14615398	-/AG	60	1
109	rs1160975	84240872	84240871	-/AA	61	16
110	rs361638	20420745	20420744	-/GTA	62	2
111	rs362237	20861137	20861136	-/TT	8	2
112	rs1160978	78957403	78957402	-/TA/TC	63	7
113	rs361881	20419969	20419968	-/TTT/TT/T	62	2
114	rs361869	16835031	16835030	-/T	64	2
115	rs361903	18718507	18718506	-/CGGAGCCAGAGGGCCGGGGGGTCCCACA	65	2
116	rs361884	20402803	20402802	-/AA/A	30	2
117	rs361657	20397072	20397071	-/TTTCTT	30	2
118	rs1305050	131594911	131594910	-/AACT/TAAC	66	1
119	rs1305039	6559178	6559177	-/CATA	67	9
120	rs1305053	102841049	102841048	-/TT	68	1
121	rs361908	20462277	20462276	-/AA/A	69	2
122	rs1305054	116394816	116394815	-/CCTACAAAACTACTGTAGTTTTT	52	1
123	rs1305055	98560999	98560998	-/AAAG	14	1
124	rs361923	20566563	20566562	-/CAG	11	2
125	rs1305056	156235247	156235246	-/CTACTGAT	70	1
126	rs361677	20872848	20872847	-/TTT/TTTT	26	2
127	rs361690	20595016	20595015	-/A	7	2
128	rs361711	18154624	18154623	-/TTTTTGT	71	2
129	rs1305058	68443039	68443038	-/GCTCCAGACATCTGGGGA/CTCCAGACATCTGGGGAG	14	1
130	rs1305059	90518788	90518787	-/TGACC	72	1
131	rs363779	97602951	97602950	-/ACAC	18	8
132	rs361941	20851191	20851190	-/CT	8	2
133	rs361943	16853013	16853012	-/A	73	2
134	rs362081	18098769	18098768	-/TA	74	2
135	rs361504	93347441	93347440	-/A	75	9
136	rs361699	19954220	19954219	-/A	2	2
137	rs361719	16685334	16685333	-/AATA/AATAAATA	76	2
138	rs362104	22435667	22435666	-/A	77	5
139	rs1160845	125673143	125673142	-/CCT	14	8
140	rs361962	20833658	20833657	-/GT/GTTTTT/TTTTG/TTTTTTTTT	8	2
141	rs1160846	141249660	141249659	-/CTTGTG	78	17
142	rs1160860	10402207	10402206	-/GA	79	9
143	rs1160847	11522624	11522623	-/TAAAA	80	17
144	rs362121	18850928	18850927	-/A	81	2
145	rs361523	13289793	13289792	-/A	82	9
146	rs1160861	52620988	52620987	-/CT	14	9
147	rs1160848	3678761	3678760	-/GCCCC	83	15
148	rs362122	20886120	20886119	-/TT	24	2
149	rs1160849	142790939	142790938	-/TATA	84	9
150	rs362123	18092834	18092833	-/G	16	2
151	rs1160863	41417424	41417423	-/TA	85	15
152	rs361967	20482748	20482747	-/T	86	2
153	rs1160864	40101530	40101529	-/TC	87	12
154	rs1143705	45887947	45887946	-/TGTT/TTGTT	88	17
155	rs361968	20842824	20842823	-/C	8	2
156	rs361527	33205592	33205591	-/TCAACATTTAT	89	18
157	rs1160865	50602735	50602734	-/CCAGTC	90	9
158	rs1160866	85142666	85142665	-/CTT/TTC	14	9
159	rs362140	20830356	20830355	-/CATA	8	2
160	rs362127	18154615	18154614	-/GGTA/T	71	2
161	rs361756	20884794	20884793	-/TTTTG	24	2
162	rs1160880	70751060	70751059	-/TCTA	91	7
163	rs1160867	42929214	42929213	-/CTC/CT	92	9
164	rs361770	18849022	18849021	-/T	93	2
165	rs1160901	7680212	7680211	-/ACA	94	10
166	rs470063	44816166	44816165	-/AT	95	2
167	rs362143	18093563	18093562	-/A	16	2
168	rs361772	18103113	18103112	-/A/AAA/AAAA	74	2
169	rs1160904	77587966	77587965	-/AAT	14	19
170	rs362145	20469779	20469778	-/TT/T	69	2
171	rs361774	20470799	20470798	-/GATG/TATG	96	2
172	rs361560	18132284	18132283	-/TTTG	17	2
173	rs1160885	26843945	26843944	-/GAT/TGA	14	2
174	rs1160906	185589630	185589629	-/AACTC	97	6
175	rs361549	19958723	19958722	-/A	2	2
176	rs1160920	173055380	173055379	-/CA	98	1
177	rs1160907	22226456	22226455	-/GA	14	18
178	rs1160921	98605679	98605678	-/TT	14	1
179	rs1160888	87296446	87296445	-/CAAA/AAAC	14	18
180	rs1160922	180846616	180846615	-/CT	99	1
181	rs1160909	40299126	40299125	-/GTCA	14	7
182	rs1160889	45401856	45401855	-/AGAA/CAGA/AGA	100	2
183	rs1160923	169539293	169539292	-/AG	14	1
184	rs1160924	175350398	175350397	-/A/AG	14	1
185	rs1160926	141089380	141089379	-/AT	101	1
186	rs1160940	175349304	175349303	-/CCT	14	1
187	rs1160927	179840473	179840472	-/CA	102	1
188	rs1160941	157194955	157194954	-/GCTTTT	103	1
189	rs361831	20897527	20897526	-/A	14	2
190	rs866904	122713975	122713974	-/G	104	20
191	rs1160942	156708665	156708664	-/TTGT	105	1
192	rs1160929	171750455	171750454	-/CT	14	1
193	rs361832	16865721	16865720	-/G	106	2
194	rs361819	20594226	20594225	-/G	7	2
195	rs361833	16877499	16877498	-/AGGA/GGA	107	2
196	rs1160945	54189646	54189645	-/CCT	108	18
197	rs362186	20868616	20868615	-/A	26	2
